c seed = 1 
c 
c Grid directed network 
c 
T g d 
c 
c d = 4 
c 
N 100 
c 
A 360 
c 
k 2
c 
c 10x10 
c 
s 1 
c 
t 100 
c 
a 27 17 245 239
a 84 85 469 386
a 3 13 999 758
a 50 40 441 260
a 41 42 32 326
a 51 52 217 723
a 5 6 1 685
a 16 6 934 262
a 54 53 492 94
a 80 70 930 382
a 26 16 222 393
a 52 53 189 184
a 71 81 318 525
a 1 2 563 457
a 19 18 378 89
a 14 15 1 544
a 92 91 505 703
a 45 44 359 520
a 63 64 910 31
a 36 26 495 483
a 7 17 999 440
a 85 84 209 237
a 15 25 483 25
a 86 96 312 277
a 82 92 591 392
a 64 65 27 346
a 29 28 42 396
a 13 14 999 549
a 67 57 956 561
a 81 82 404 273
a 51 41 116 375
a 90 100 601 666
a 52 62 808 458
a 97 96 239 462
a 4 14 1 395
a 42 41 768 837
a 43 44 733 750
a 66 67 758 770
a 55 56 758 180
a 65 64 337 281
a 83 82 39 542
a 99 89 280 938
a 16 17 999 986
a 46 47 272 786
a 65 66 631 995
a 12 13 1 267
a 95 96 585 594
a 93 94 856 839
a 23 13 695 939
a 18 17 659 413
a 57 47 874 75
a 75 85 210 744
a 33 23 592 229
a 32 22 265 875
a 85 75 988 824
a 34 33 65 985
a 73 83 356 820
a 43 33 507 586
a 64 54 361 544
a 69 68 979 631
a 32 31 606 510
a 93 92 518 432
a 31 41 429 848
a 68 67 6 674
a 49 50 754 219
a 46 36 685 383
a 88 89 43 52
a 28 27 756 614
a 98 97 119 355
a 62 61 575 530
a 56 46 894 752
a 57 58 732 215
a 98 99 514 474
a 28 29 130 288
a 18 8 332 271
a 76 77 683 244
a 54 44 839 841
a 55 54 78 926
a 94 93 461 189
a 80 90 616 732
a 37 27 608 797
a 11 21 1 275
a 92 93 292 864
a 58 59 549 957
a 32 42 1 333
a 31 32 372 329
a 87 77 142 754
a 30 29 677 286
a 44 43 561 726
a 57 67 984 27
a 20 30 912 278
a 43 42 969 674
a 35 25 506 301
a 63 73 297 219
a 12 22 999 557
a 77 76 100 718
a 3 2 931 30
a 24 34 998 470
a 35 45 1 837
a 65 75 637 255
a 41 31 47 169
a 87 86 552 769
a 75 76 655 824
a 2 3 1 925
a 81 91 457 78
a 98 88 95 2
a 74 64 128 505
a 8 7 133 946
a 35 36 417 367
a 89 88 909 666
a 2 1 296 980
a 33 32 376 889
a 38 28 808 919
a 34 44 999 433
a 90 89 491 35
a 29 19 707 696
a 5 15 1 536
a 11 1 92 257
a 23 24 1 325
a 79 89 587 701
a 94 84 723 385
a 12 11 492 972
a 38 37 93 245
a 85 95 982 819
a 50 60 86 511
a 22 32 999 597
a 73 63 997 136
a 60 59 21 999
a 6 5 449 804
a 61 62 1 548
a 84 94 828 986
a 97 87 408 229
a 77 87 760 722
a 67 66 602 593
a 38 48 308 68
a 54 55 274 38
a 47 57 345 975
a 17 16 8 182
a 48 38 574 572
a 73 74 321 236
a 95 94 934 83
a 72 82 885 204
a 21 31 1 461
a 16 26 202 617
a 24 23 343 718
a 66 56 433 375
a 8 18 1 605
a 40 30 159 301
a 88 87 254 777
a 76 75 226 632
a 71 61 678 127
a 37 36 761 404
a 99 100 498 754
a 76 66 187 125
a 25 24 452 844
a 40 39 898 976
a 6 7 1 687
a 47 46 132 440
a 68 69 668 69
a 34 24 764 577
a 4 3 56 285
a 18 28 560 795
a 29 30 1 737
a 20 19 795 719
a 86 76 711 530
a 44 34 629 811
a 59 69 934 339
a 69 59 446 94
a 51 61 209 394
a 31 21 534 756
a 36 35 2 830
a 87 97 975 358
a 94 95 626 178
a 10 9 439 874
a 83 84 90 788
a 42 32 952 374
a 17 18 472 10
a 43 53 64 44
a 44 45 69 854
a 24 25 1 240
a 48 47 621 864
a 75 65 852 61
a 39 49 999 836
a 26 36 298 851
a 25 26 922 39
a 88 78 526 59
a 9 10 1 715
a 22 21 849 492
a 53 43 696 914
a 58 48 810 34
a 14 24 384 273
a 36 46 213 959
a 77 78 28 37
a 24 14 55 178
a 15 16 1 783
a 25 15 414 96
a 80 79 208 400
a 34 35 198 93
a 17 27 970 830
a 100 99 462 692
a 63 62 98 834
a 28 18 43 697
a 55 65 483 741
a 15 14 168 145
a 56 57 92 869
a 52 42 162 72
a 82 81 897 296
a 70 80 851 854
a 62 72 872 221
a 54 64 940 694
a 96 97 778 268
a 23 22 966 772
a 17 7 890 802
a 49 39 594 451
a 77 67 563 407
a 50 49 693 278
a 32 33 508 210
a 52 51 601 131
a 91 92 566 319
a 55 45 899 488
a 82 72 217 117
a 64 63 177 922
a 8 9 1 941
a 44 54 1 126
a 96 86 682 512
a 62 52 744 152
a 89 90 579 547
a 11 12 995 439
a 30 20 499 503
a 5 4 947 730
a 19 20 1 920
a 69 79 163 749
a 49 59 803 612
a 72 73 946 316
a 63 53 224 809
a 16 15 998 839
a 20 10 370 541
a 78 68 558 9
a 79 78 473 85
a 30 40 415 546
a 14 4 176 644
a 9 19 998 370
a 60 50 334 594
a 13 3 210 579
a 59 60 1 448
a 71 72 147 520
a 6 16 1 160
a 48 58 94 119
a 82 83 545 778
a 87 88 30 23
a 29 39 762 493
a 47 37 985 53
a 79 69 654 755
a 66 76 990 580
a 86 87 194 91
a 7 6 145 408
a 68 58 867 968
a 45 55 142 510
a 15 5 836 778
a 22 23 675 719
a 39 40 467 822
a 9 8 787 997
a 74 73 887 374
a 76 86 938 48
a 73 72 560 858
a 4 5 1 729
a 88 98 978 506
a 65 55 26 138
a 42 52 987 329
a 84 83 255 963
a 26 27 588 866
a 42 43 600 274
a 12 2 487 519
a 70 69 947 604
a 28 38 586 965
a 72 71 175 636
a 93 83 21 23
a 78 77 774 530
a 58 68 691 472
a 14 13 941 139
a 40 50 783 575
a 78 88 184 692
a 41 51 306 184
a 21 11 802 627
a 26 25 623 465
a 33 43 999 138
a 56 66 676 419
a 84 74 375 191
a 38 39 476 351
a 48 49 1 678
a 70 60 895 386
a 46 45 473 239
a 27 28 831 166
a 91 81 837 793
a 83 73 797 346
a 74 84 607 705
a 67 77 465 66
a 78 79 72 120
a 27 26 439 927
a 39 29 201 562
a 25 35 14 565
a 86 85 63 494
a 100 90 799 944
a 19 29 1 261
a 58 57 647 953
a 53 63 284 437
a 72 62 478 902
a 10 20 1 315
a 22 12 919 140
a 36 37 722 780
a 97 98 425 476
a 96 95 444 999
a 39 38 791 167
a 81 71 307 179
a 61 71 380 928
a 53 54 815 575
a 68 78 157 961
a 60 70 547 592
a 13 12 158 173
a 45 46 80 397
a 83 93 820 653
a 49 48 830 480
a 37 38 893 953
a 3 4 999 140
a 95 85 499 927
a 57 56 895 329
a 13 23 1 719
a 74 75 543 968
a 53 52 995 541
a 66 65 688 990
a 18 19 12 791
a 62 63 458 677
a 89 99 947 24
a 1 11 1 161
a 99 98 334 327
a 7 8 1 78
a 75 74 565 507
a 47 48 487 649
a 56 55 911 180
a 46 56 629 587
a 69 70 89 745
a 19 9 802 706
a 61 51 665 583
a 21 22 173 266
a 59 58 871 621
a 59 49 604 439
a 37 47 517 150
a 27 37 498 41
a 35 34 632 834
a 64 74 944 599
a 67 68 143 266
a 45 35 448 876
a 90 80 203 795
a 85 86 633 889
a 92 82 234 923
a 79 80 495 69
a 33 34 141 894
a 2 12 1 852
a 23 33 560 492
a 89 79 863 980
